10,10
10,26
10,140
10,158
10,224
10,22
10,216
10,2
10,3
9,7
9,4
9,1
9,6
8,4
8,18
8,16
8,9
2,2
112,3
112,2
112,1
112,0
89,7
89,6
89,5
89,4
89,3
89,2
89,1
64,3
64,1
45,3
45,1
30,3
30,1
20,3
20,2
20,1
19,3
19,2
19,1
18,3
18,1
14,3
14,1
13,3
13,1
12,3
12,2
12,1
11,30
11,29
11,28
11,27
11,26
11,25
11,24
11,23
11,22
11,21
11,20
11,19
11,18
11,17
11,16
11,15
11,14
11,13
11,12
11,11
11,10
11,9
11,8
11,7
11,6
11,5
11,4
11,3
11,2
11,1
10,314
10,313
10,312
10,310
10,308
10,306
10,304
10,300
10,296
10,295
10,294
10,291
10,289
10,287
10,282
10,279
10,277
10,275
10,274
10,271
10,267
10,266
10,264
10,258
10,236
